&
&
&   CARGA
&
&   ss  di hi m df hf m Demanda
&X  XX  XX XX X XX XX X XXXXXXXXXX
DP   1   2  0 0  F           36703
DP   1   2  0 1  F           35673
DP   1   2  1 0  F           34527
DP   1   2  1 1  F           33996
DP   1   2  2 0  F           33526
DP   1   2  2 1  F           33176
DP   1   2  3 0  F           32902
DP   1   2  3 1  F           32758
DP   1   2  4 0  F           32938
DP   1   2  4 1  F           33093
DP   1   2  5 0  F           33691
DP   1   2  5 1  F           34477
DP   1   2  6 0  F           35920
DP   1   2  6 1  F           36055
DP   1   2  7 0  F           37330
DP   1   2  7 1  F           38429
DP   1   2  8 0  F           39228
DP   1   2  8 1  F           40100
DP   1   2  9 0  F           40599
DP   1   2  9 1  F           40904
DP   1   2 10 0  F           41342
DP   1   2 10 1  F           41634
DP   1   2 11 0  F           41427
DP   1   2 11 1  F           41348
DP   1   2 12 0  F           41127
DP   1   2 12 1  F           41261
DP   1   2 13 0  F           41914
DP   1   2 13 1  F           42591
DP   1   2 14 0  F           43060
DP   1   2 14 1  F           43519
DP   1   2 15 0  F           43980
DP   1   2 15 1  F           44372
DP   1   2 16 0  F           44672
DP   1   2 16 1  F           44969
DP   1   2 17 0  F           44736
DP   1   2 17 1  F           46585
DP   1   2 18 0  F           48056
DP   1   2 18 1  F           48198
DP   1   2 19 0  F           47352
DP   1   2 19 1  F           46510
DP   1   2 20 0  F           45952
DP   1   2 20 1  F           45830
DP   1   2 21 0  F           45146
DP   1   2 21 1  F           43993
DP   1   2 22 0  F           42918
DP   1   2 22 1  F           41671
DP   1   2 23 0  F           40155
DP   1   2 23 1  F           39142
DP   2   2  0 0  F           10126
DP   2   2  0 1  F            9747
DP   2   2  1 0  F            9442
DP   2   2  1 1  F            9228
DP   2   2  2 0  F            9047
DP   2   2  2 1  F            8923
DP   2   2  3 0  F            8870
DP   2   2  3 1  F            8872
DP   2   2  4 0  F            8920
DP   2   2  4 1  F            8983
DP   2   2  5 0  F            9307
DP   2   2  5 1  F            9668
DP   2   2  6 0  F           10350
DP   2   2  6 1  F           10986
DP   2   2  7 0  F           11617
DP   2   2  7 1  F           12204
DP   2   2  8 0  F           12626
DP   2   2  8 1  F           12817
DP   2   2  9 0  F           12954
DP   2   2  9 1  F           13009
DP   2   2 10 0  F           13130
DP   2   2 10 1  F           13230
DP   2   2 11 0  F           13227
DP   2   2 11 1  F           12752
DP   2   2 12 0  F           12192
DP   2   2 12 1  F           12054
DP   2   2 13 0  F           12423
DP   2   2 13 1  F           12819
DP   2   2 14 0  F           12985
DP   2   2 14 1  F           13098
DP   2   2 15 0  F           13249
DP   2   2 15 1  F           13432
DP   2   2 16 0  F           13627
DP   2   2 16 1  F           13800
DP   2   2 17 0  F           13951
DP   2   2 17 1  F           14277
DP   2   2 18 0  F           14594
DP   2   2 18 1  F           14575
DP   2   2 19 0  F           14272
DP   2   2 19 1  F           13914
DP   2   2 20 0  F           13534
DP   2   2 20 1  F           13282
DP   2   2 21 0  F           13016
DP   2   2 21 1  F           12750
DP   2   2 22 0  F           12313
DP   2   2 22 1  F           11804
DP   2   2 23 0  F           11121
DP   2   2 23 1  F           10770
DP   3   2  0 0  F           11417
DP   3   2  0 1  F           11222
DP   3   2  1 0  F           11045
DP   3   2  1 1  F           10919
DP   3   2  2 0  F           10792
DP   3   2  2 1  F           10669
DP   3   2  3 0  F           10574
DP   3   2  3 1  F           10542
DP   3   2  4 0  F           10529
DP   3   2  4 1  F           10524
DP   3   2  5 0  F           10385
DP   3   2  5 1  F            9921
DP   3   2  6 0  F            9769
DP   3   2  6 1  F            9843
DP   3   2  7 0  F           10195
DP   3   2  7 1  F           10557
DP   3   2  8 0  F           10916
DP   3   2  8 1  F           11078
DP   3   2  9 0  F           11188
DP   3   2  9 1  F           11290
DP   3   2 10 0  F           11363
DP   3   2 10 1  F           11513
DP   3   2 11 0  F           11480
DP   3   2 11 1  F           11422
DP   3   2 12 0  F           11265
DP   3   2 12 1  F           11278
DP   3   2 13 0  F           11484
DP   3   2 13 1  F           11670
DP   3   2 14 0  F           11838
DP   3   2 14 1  F           11956
DP   3   2 15 0  F           11983
DP   3   2 15 1  F           11966
DP   3   2 16 0  F           11890
DP   3   2 16 1  F           11813
DP   3   2 17 0  F           11631
DP   3   2 17 1  F           12180
DP   3   2 18 0  F           12172
DP   3   2 18 1  F           12063
DP   3   2 19 0  F           11928
DP   3   2 19 1  F           11809
DP   3   2 20 0  F           11686
DP   3   2 20 1  F           11773
DP   3   2 21 0  F           12094
DP   3   2 21 1  F           12289
DP   3   2 22 0  F           12256
DP   3   2 22 1  F           12122
DP   3   2 23 0  F           11978
DP   3   2 23 1  F           11834
DP   4   2  0 0  F            6631
DP   4   2  0 1  F            6569
DP   4   2  1 0  F            6473
DP   4   2  1 1  F            6391
DP   4   2  2 0  F            6320
DP   4   2  2 1  F            6233
DP   4   2  3 0  F            6152
DP   4   2  3 1  F            6069
DP   4   2  4 0  F            6037
DP   4   2  4 1  F            5999
DP   4   2  5 0  F            5980
DP   4   2  5 1  F            5878
DP   4   2  6 0  F            5758
DP   4   2  6 1  F            5557
DP   4   2  7 0  F            5528
DP   4   2  7 1  F            5589
DP   4   2  8 0  F            5759
DP   4   2  8 1  F            5890
DP   4   2  9 0  F            5983
DP   4   2  9 1  F            6042
DP   4   2 10 0  F            6102
DP   4   2 10 1  F            6120
DP   4   2 11 0  F            6096
DP   4   2 11 1  F            6061
DP   4   2 12 0  F            6044
DP   4   2 12 1  F            6071
DP   4   2 13 0  F            6223
DP   4   2 13 1  F            6381
DP   4   2 14 0  F            6544
DP   4   2 14 1  F            6624
DP   4   2 15 0  F            6637
DP   4   2 15 1  F            6615
DP   4   2 16 0  F            6559
DP   4   2 16 1  F            6479
DP   4   2 17 0  F            6322
DP   4   2 17 1  F            6229
DP   4   2 18 0  F            6231
DP   4   2 18 1  F            6290
DP   4   2 19 0  F            6391
DP   4   2 19 1  F            6440
DP   4   2 20 0  F            6459
DP   4   2 20 1  F            6493
DP   4   2 21 0  F            6540
DP   4   2 21 1  F            6644
DP   4   2 22 0  F            6733
DP   4   2 22 1  F            6735
DP   4   2 23 0  F            6697
DP   4   2 23 1  F            6699
DP   1   3  0 0  F           36523
DP   1   3 18 0  F           44095
DP   1   3 22 0  F           38151
DP   1   4  0 0  F           34346
DP   1   4  7 0  F           37726
DP   1   4 10 0  F           42052
DP   1   4 22 0  F           39198
DP   2   3  0 0  F            9866
DP   2   3 18 0  F           12158
DP   2   3 22 0  F            9830
DP   2   4  0 0  F            9174
DP   2   4  7 0  F           11131
DP   2   4 10 0  F           12023
DP   2   4 22 0  F           10657
DP   3   3  0 0  F           10335
DP   3   3 18 0  F           11910
DP   3   3 22 0  F           11360
DP   3   4  0 0  F           10483
DP   3   4  7 0  F           10570
DP   3   4 10 0  F           11338
DP   3   4 22 0  F           11572
DP   4   3  0 0  F            5807
DP   4   3 18 0  F            6208
DP   4   3 22 0  F            6345
DP   4   4  0 0  F            5944
DP   4   4  7 0  F            5618
DP   4   4 10 0  F            6125
DP   4   4 22 0  F            6504
DP  11   2  0 0  F             0.0
